20
982749972374309079 999999 12347 9699690 9748872 698378649 601383688 389954903 155982009
859373750084 8 7 17 19 1 16 6 2
960043019846431759 9999909 9999991 9999949 9999991 879995513 99999488 349999686 549999505
299896237124947938 681206 164538 2280874 981991 416793690 904023823 813682336 774801135
848937385843 8 7 17 19 0 5 6 2
1433256560 9999909 9999991 9999949 9999991 979995003 749996173 139999875 249999775
274467416870917042 7270184 3005711 7759177 8197657 803826746 672879876 877174079 68314903
974487874647179085 9999991 1 9999991 9999989 159999857 819999260 89999902 69999923
70413132 123 1 10000000 10000000 20000001 190000000 90000001 360000002
1555193042 9999991 1 9999991 9999989 259999767 19999980 239999737 679999252
34468440 999999 12347 9699690 9748872 378288879 843875938 672672191 643425609
1907526817 102400 15000 9699690 9748872 746877099 892374388 458197066 545936889
907005781191085944 1 5 9999949 9999991 839995717 809995867 459999587 579999478
80933573 102400 15000 9699690 9748872 989369349 872975008 916394050 370457193
5 1 4 5 7 1 0 1 2
789870595193472657 5360341 675784 8600975 754947 876155896 890899377 754304700 203276021
1783585506 9999987 1 10000000 999999 990000001 79999998 868999132 81999927
980046644627629799 9 123456 18 10000000 831918484 451864686 840000324 650000765
962024073147815594 9999991 1 9999991 9999989 129999884 899999187 979998923 129999859
1530944270 123456 557 9988776 1025 559372110 918968142 802729910 688062000
