2
5 5 4 1 2 B3/S23
2 3
3 2
3 4
4 2
1000000 1000000 158 2 40 B3/S23
11 19
11 27
11 28
11 30
11 31
12 13
12 14
12 18
12 20
12 27
12 28
12 30
12 31
12 46
12 47
12 52
12 53
12 68
13 13
13 15
13 17
13 19
13 46
13 48
13 51
13 53
13 67
13 69
14 15
14 17
14 27
14 28
14 30
14 31
14 47
14 48
14 51
14 52
14 66
14 68
15 13
15 15
15 17
15 19
15 27
15 31
15 49
15 50
15 66
16 13
16 14
16 18
16 19
16 28
16 29
16 30
16 47
16 48
16 51
16 52
16 67
17 46
17 48
17 51
17 53
17 68
18 28
18 29
18 30
18 46
18 47
18 52
18 53
18 69
19 27
19 31
19 68
19 69
20 27
20 28
20 30
20 31
21 25
21 26
22 24
22 26
22 40
22 41
22 45
22 46
23 25
23 39
23 42
23 44
23 47
24 39
24 40
24 42
24 44
24 46
24 47
25 19
25 42
25 44
25 59
25 60
25 64
25 65
26 17
26 18
26 19
26 42
26 44
26 58
26 61
26 63
26 66
27 16
27 41
27 42
27 44
27 45
27 58
27 59
27 61
27 63
27 65
27 66
28 15
28 17
28 27
28 28
28 30
28 31
28 61
28 63
29 16
29 28
29 30
29 32
29 58
29 59
29 61
29 63
29 65
29 66
30 26
30 31
30 58
30 61
30 63
30 66
31 26
31 27
31 59
31 60
31 64
31 65
